0.545
3.81559
5
4.82
4.19
4.955
0.5
1.20435
2.93048
2.25719
3.875
4.48852
4.48775
5
0.845609
0.912778
2.79111
4.64
0.5
4.11698
3.9213
1.03082
4.92432
0.59
0.725
4.2218
5
0.59
0.749898
4.955
2.64398
0.51749
0.59
4.97687
5
4.14476
3.695
0.59
5
0.77
3.99697
0.5
1.64119
0.95
4.27852
5
0.597976
4.325
0.5
4.93013
4.81828
0.545
0.545
3.24003
0.725
0.635
4.60846
4.91
0.59
1.31
0.969344
1.86771
3.92
4.685
5
4.56573
5
0.77
4.865
1.9424
2.73785
4.865
3.51934
1.61247
4.00406
4.73
1.87987
5
3.03853
4.775
3.78913
5
0.95659
5
0.5
5
5
0.5
4.5141
2.06128
0.725
4.685
3.785
4.955
1.445
0.725
0.545
3.53382
3.025
2.3166
4.955
2.75891
0.649075
0.68
5
4.68304
1.085
2.793
1.79139
4.66914
4.04999
0.635
3.72813
3.59551
0.635
2.65578
0.545
1.84719
5
0.5
0.905
0.5
2.21485
1.085
3.4943
0.905
4.10598
0.77
5
2.17777
5
0.545
4.18096
0.635881
0.86
3.04642
5
4.775
3.73185
5
4.82
0.815
1.61566
1.06417
5
2.51373
4.91237
4.82
0.797397
1.08646
4.955
2.00772
0.545
0.59
0.5
0.725
2.19199
4.82
1.30113
3.93046
4.775
3.87268
4.91
0.95
5
3.11304
2.83795
2.43428
1.37157
4.865
1.72327
2.94643
1.45272
0.905
2.80179
0.957733
5
0.545
3.94169
4.865
0.5
5
0.545
3.96624
1.445
1.50443
3.83318
3.51819
1.22
4.85401
4.955
4.955
0.5
4.595
1.58506
4.955
5
3.92
0.68
2.05257
1.09593
1.87479
2.5171
2.78874
4.21719
1.10511
1.95302
0.59
4.45545
4.865
4.89288
0.7475
2.86798
4.498
4.94631
5
4.60622
4.00864
4.685
1.265
3.71427
4.865
4.44206
1.01129
1.45975
4.11447
1.49
0.5
4.7588
5
5
1.04
4.91
2.08534
2.92789
4.34035
4.865
0.545
4.73
5
2.66094
0.59
5
1.12546
4.55
0.545
0.725
2.26806
0.77
5
3.78308
2.04534
0.5
1.535
0.725
5
0.725
4.865
5
0.545
0.995
4.64
3.64491
4.955
4.03308
4.865
0.5
0.95
0.725
0.68
3.66664
4.865
0.77
3.389
5
2.80888
2.62549
0.947097
0.77
4.955
5
2.39919
2.19642
1.60977
3.09297
0.5
4.07376
0.790356
4.955
0.905
1.36721
0.576198
1.28234
2.615
4.02803
0.68
1.45048
2.51416
3.64109
1.93079
5
0.815
3.39162
4.32047
2.60643
5
4.62592
2.60206
5
4.955
1.29321
0.5
1.41917
4.16076
5
4.955
1.03599
5
3.27319
0.68
4.64
0.905
0.59
4.91
2.77002
0.905
4.82
4.63407
4.5517
3.0301
0.5
2.70174
1.61618
0.635
3.71304
2.97629
4.49768
4.37704
0.5
0.978187
3.35054
0.881605
4.55
1.085
0.68
4.88893
1.20514
3.48888
4.10243
5
0.59
0.665476
3.13607
4.56935
0.725
4.4992
4.16407
5
4.865
5
3.29644
5
5
0.635
0.725
2.95422
0.998902
2.615
0.59
3.76215
4.955
0.545
5
4.865
0.919416
3.74691
2.25997
4.73
0.5
0.545
1.55926
0.995
0.737288
4.91536
0.764979
5
5
0.5
5
3.87048
2.31525
1.74375
0.905
3.89774
4.91
5
5
5
0.545
0.526471
2.77733
4.30469
4.32568
4.91
5
4.955
0.872162
0.545
4.01
1.4
4.40939
4.67174
0.59
4.84483
5
0.545
4.63886
2.79404
4.82
4.89175
3.52769
5
4.955
0.59
5
5
5
0.86
3.62242
1.40158
0.725
2.47409
1.95117
5
4.77172
1.37644
4.20333
5
3.97227
1.61557
5
1.66167
4.10938
4.685
4.955
1.36618
0.5
0.545
0.769052
2.65899
5
2.18699
5
3.71861
4.91
4.6908
2.04492
0.86
0.59
4.775
1.59443
0.77
2.95208
2.23035
3.40448
0.5
0.815
0.68
4.865
4.91
4.35744
5
3.06957
1.47814
4.865
1.31
4.64
4.20853
0.905675
1.29752
2.87057
3.19268
0.5
0.5
1.445
4.325
0.59
2.12
0.68
0.68
4.325
1.58
1.85854
0.545
4.67679
0.5
3.87438
4.6217
4.53921
4.29483
3.04763
1.49
4.7571
2.2555
2.83216
4.18743
4.62738
1.04
3.9451
0.5
4.49923
5
2.57992
1.31
1.62539
4.46449
3.90775
4.39796
3.52581
3.62354
3.35627
1.00538
4.77212
4.98169
1.10506
4.38847
4.42082
1.44257
3.86077
0.652188
3.91215
1.52059
1.175
5
5
4.60101
3.03569
5
5
3.50914
5
1.88412
4.46
4.55
0.725
2.00872
3.32707
5
0.846279
0.59
5
4.91
0.545
0.580473
0.86
4.78139
2.92762
4.70362
4.955
1.12231
4.42308
0.545
4.415
5
4.90389
0.545
0.545
4.47269
0.545
4.80492
5
5
0.815
3.66137
0.545
0.77
2.96378
2.66961
0.545
3.72678
2.98804
4.055
2.52241
3.21284
2.34023
3.68518
0.545
2.78407
0.784081
0.68
2.6766
4.27689
0.796302
2.88122
2.86643
4.865
0.743718
4.865
0.545
4.91
1.21685
0.725
2.72953
1.18042
1.09709
1.68255
0.68
1.71283
3.72816
0.545
1.175
3.36226
4.68374
3.56072
3.155
3.24003
3.68028
4.82531
0.725
0.545
4.2784
2.1296
4.24918
2.05336
0.545
0.545
4.28337
2.10058
4.685
1.35064
5
0.517155
0.635
0.713804
0.5
2.28291
5
5
0.5
5
1.14416
4.67349
5
1.8622
5
2.18421
2.26647
5
0.68
4.235
4.8361
1.00565
4.17413
1.12548
0.810155
0.545
4.20937
1.9573
4.79613
5
5
4.955
5
4.775
4.82
4.85544
4.82
0.704538
0.545
5
4.91
5
3.34736
0.807805
0.677823
2.57786
2.73343
0.545
0.815
0.5
2.9879
3.785
0.55668
4.955
5
5
3.06137
1.25153
4.865
4.955
2.09926
0.545
4.58558
3.54813
4.33852
4.66342
0.545
5
1.23802
1.9433
4.52256
4.09239
2.69356
0.545
0.5
2.97967
2.92673
4.331
4.505
0.77
0.77
2.72243
4.03071
0.674733
3.29132
3.22473
1.265
4.65979
5
1.42572
3.78803
0.5
2.33812
0.999466
4.71606
1.54474
3.965
0.68
4.73
1.25679
1.59516
0.545
1.02825
4.37
4.96465
3.73339
4.43434
1.76651
2.55822
5
0.545
4.595
2.73491
3.26857
3.39629
2.17635
0.59
0.545
5
1.36538
3.80684
3.10812
3.45776
0.866345
5
1.80969
4.05497
2.94846
0.867909
4.955
4.50061
0.5
4.70369
4.64
5
0.545
4.955
2.04817
0.969081
0.68
3.96787
2.52305
0.992022
1.71878
2.94893
4.80013
5
1.51304
3.24362
0.684075
0.682065
1.67136
0.645198
0.545
5
1.80834
4.90862
0.91871
4.8185
0.635
1.88761
1.3011
4.91123
0.5
0.77
0.885397
3.39936
5
4.50376
3.06336
2.54684
3.23671
0.68
2.06375
2.87611
0.545
0.77
4.84181
4.91
4.775
4.82
5
0.815
5
1.0741
4.54685
1.28278
0.990022
4.955
5
0.545
1.04
5
1.45836
3.46897
0.545
0.545
4.865
0.815
0.5
1.10693
2.18043
4.685
1.99404
0.5
2.09063
4.91
3.85738
4.57319
0.545
4.91
1.71793
5
0.635
1.42871
3.79074
4.57045
2.09924
5
4.57509
1.65885
2.39324
0.5
2.18001
1.33226
0.5
4.95696
5
1.355
2.39245
1.98142
4.60469
4.955
0.5
3.1524
5
0.815
4.73
1.51859
0.5
0.615382
4.955
4.73
1.265
4.31626
1.09277
3.40328
0.5
4.8593
0.576659
0.797585
0.905
1.28822
5
0.59
5
0.860954
0.995
3.48781
2.49268
0.905
0.545
2.78586
3.12159
0.609912
0.545
0.5
2.72237
0.77
4.15407
1.355
2.16384
4.46
2.43365
5
1.83403
0.59
3.28412
0.683023
0.635
5
5
0.704568
4.955
5
1.02863
3.86421
4.49946
0.689393
5
0.815
1.57043
4.91
4.87905
5
4.62184
5
1.15578
5
0.770029
1.31401
0.846317
4.49164
4.73
0.5
3.07886
2.885
0.868838
4.91
2.13533
5
0.545
0.5
5
0.912522
4.91
2.48938
1.31
0.545
4.06508
4.91
1.05119
4.73
4.82
3.81854
0.59
3.86514
0.905
1.5267
2.84444
3.07855
0.59
5
0.519405
0.77
4.685
2.10711
4.595
0.5
3.50273
5
0.5
5
4.01
4.71135
4.32875
0.545
0.5
0.5
3.40503
4.78604
4.865
5
0.59
5
5
3.89556
5
5
1.50302
0.545
0.545
4.5313
5
5
2.33205
0.545
4.59394
3.36726
2.10487
