I 13500 13500 , , 17 1 1306 1306 IW-0801 C 7.37164 53.6287 14.4258 11.8657 9 56 70.8861 8 10.1266 4 5.06329 2 2.53165 0 0 0 0 4 5.06329 4 5.06329 147 84 0.571429 79 16.0598 6 24.5 1 0.166667 5 122 141 0.865248 97 135 0.718518 66 129 0.511628 22 123 0.178862 0.0357143 
I 57702 57702 the DT 1 1 5616 11616 IW0962 B 7.49563 57.9408 11.6734 9.22712 9 69 75.8242 8 8.79121 2 2.1978 3 3.2967 0 0 0 0 9 9.89011 9 9.89011 167 92 0.550898 91 4.12432 10 16.3 3 0.3 0 138 153 0.901961 114 143 0.797203 66 133 0.496241 25 123 0.203252 0.021978 
I 65224 65224 be VB 4 1 6408 12408 IW0962 B 6.57879 72.8125 8.95556 6.45722 7 54 80.597 4 5.97015 1 1.49254 2 2.98507 0 0 0 0 5 7.46269 5 7.46269 137 72 0.525547 67 4.78017 10 13.5 8 0.8 1 114 125 0.912 100 115 0.869565 62 105 0.590476 26 95 0.273684 0.0138889 
I 81043 81043 . . 21 1 7959 13959 IW1001 A 7.71807 68.8712 10.6009 7.92614 9 65 70.6522 11 11.9565 4 4.34783 3 3.26087 3 3.26087 1 1.08696 4 4.34783 8 8.69565 171 98 0.573099 92 7.54718 10 17.2 6 0.6 1 150 161 0.931677 104 151 0.688742 55 141 0.390071 19 131 0.145038 0.0408163 
I 62176 62176 it PRP 5 1 6086 12086 IW0962 A 6.73703 63.1912 10.3564 8.34574 7 66 75.8621 7 8.04598 3 3.44828 3 3.44828 0 0 0 0 6 6.89655 6 6.89655 159 92 0.578616 87 6.88549 10 15.7 5 0.5 2 132 147 0.897959 109 137 0.79562 64 127 0.503937 25 117 0.213675 0.010989 
I 74808 74808 It PRP 0 1 7368 13368 IW1001 A 6.63775 66.9296 10.2494 7.87626 7 57 70.3704 9 11.1111 2 2.46914 3 3.7037 0 0 1 1.23457 7 8.64198 8 9.87654 176 88 0.5 81 6.02054 9 19.4444 5 0.555556 4 150 166 0.903614 116 157 0.738854 47 148 0.317568 16 139 0.115108 0.0224719 
I 65447 65447 . . 13 1 6431 12431 IW0962 A 6.15664 61.8067 12.075 9.93833 7 74 77.0833 3 3.125 4 4.16667 4 4.16667 0 0 0 0 12 12.5 12 12.5 193 102 0.528497 96 8.57645 9 21.3333 7 0.777778 1 168 183 0.918033 141 174 0.810345 90 165 0.545455 28 156 0.179487 0.019802 
I 7612 7612 . . 4 1 734 0734 IW-0803 B 5.9602 69.8577 6.76716 6.31604 5 57 78.0822 6 8.21918 3 4.10959 0 0 0 0 0 0 5 6.84932 5 6.84932 124 78 0.629032 73 6.86349 11 11.2727 6 0.545455 2 87 113 0.769912 64 103 0.621359 36 93 0.387097 12 83 0.144578 0 
I 31450 31450 If IN 0 1 3087 3087 IW-0862 B 6.63577 70.8618 7.83696 6.94668 7 54 85.7143 2 3.1746 1 1.5873 2 3.1746 0 0 0 0 6 9.52381 6 9.52381 116 71 0.612069 63 8.896 6 19.1667 2 0.333333 0 100 109 0.917431 77 103 0.747573 42 97 0.43299 6 92 0.0652174 0.0144928 
I 80608 80608 crossover NN 15 1 7916 13916 IW1001 C 7.22268 64.5411 13.2691 10.9647 9 39 81.25 2 4.16667 0 0 1 2.08333 0 0 0 0 7 14.5833 7 14.5833 82 52 0.634146 48 14.197 3 27.3333 0 0 2 70 79 0.886076 45 76 0.592105 18 73 0.246575 4 70 0.0571429 0 
I 40678 40678 machine NN 1 1 3968 3968 IW-0862 B 7.20591 63.5008 10.8381 7.30057 9 73 71.5686 10 9.80392 3 2.94118 5 4.90196 0 0 1 0.980392 11 10.7843 12 11.7647 176 113 0.642045 102 5.15967 15 11.6667 6 0.4 1 150 162 0.925926 107 148 0.722973 48 134 0.358209 13 120 0.108333 0 
I 9942 9942 them PRP 7 1 953 0953 IW-0803 A 5.86054 88.4824 6.67895 4.21513 5 49 77.7778 4 6.34921 3 4.7619 2 3.1746 0 0 0 0 4 6.34921 4 6.34921 146 64 0.438356 63 5.47873 11 13.2727 6 0.545455 2 123 135 0.911111 99 124 0.798387 54 113 0.477876 29 102 0.284314 0.0153846 
I 21794 21794 music NN 5 1 2124 2124 IW-0863 B 6.11 71.7751 7.76136 5.81006 7 64 69.5652 8 8.69565 6 6.52174 1 1.08696 1 1.08696 0 0 8 8.69565 9 9.78261 167 95 0.568862 92 5.25328 14 11.7857 7 0.5 5 137 151 0.907285 99 137 0.722628 51 123 0.414634 18 109 0.165138 0.0206186 
I 71024 71024 pain NN 15 1 7020 13020 IW1001 B 7.55146 72.8069 8.2 6.20957 9 73 71.5686 12 11.7647 5 4.90196 6 5.88235 1 0.980392 0 0 4 3.92157 5 4.90196 177 108 0.610169 102 5.24207 13 13.5385 2 0.153846 4 147 163 0.901841 96 150 0.64 41 137 0.29927 12 124 0.0967742 0.0277778 
I 77048 77048 n't RB 11 1 7581 13581 IW1001 A 5.89292 76.2841 7.52988 5.30225 5 65 71.4286 10 10.989 5 5.49451 2 2.1978 0 0 1 1.0989 8 8.79121 9 9.89011 164 99 0.603659 91 3.97697 14 11.5714 11 0.785714 2 137 148 0.925676 113 134 0.843284 54 120 0.45 21 106 0.198113 0.020202 
I 18656 18656 to TO 2 1 1811 1811 IW-0801 B 6.17718 61.9484 11.3137 8.12436 7 57 75 12 15.7895 2 2.63158 3 3.94737 0 0 0 0 1 1.31579 1 1.31579 127 81 0.637795 76 4.86357 9 14.1111 4 0.444444 2 114 118 0.966102 87 109 0.798165 38 100 0.38 12 91 0.131868 0.037037 
I 39763 39763 mood NN 6 1 3890 3890 IW-0863 A 7.52497 67.7313 7.7416 6.56558 9 43 65.1515 7 10.6061 9 13.6364 2 3.0303 0 0 0 0 5 7.57576 5 7.57576 136 74 0.544118 66 4.64504 12 11.0833 6 0.5 1 106 121 0.876033 80 109 0.733945 48 97 0.494845 15 85 0.176471 0.0547945 
I 8117 8117 , , 5 1 783 0783 IW-0802 C 5.78954 81.065 5.77778 4.43667 5 44 78.5714 5 8.92857 3 5.35714 1 1.78571 0 0 0 0 5 8.92857 5 8.92857 90 61 0.677778 56 3.74166 9 10 5 0.555556 0 74 81 0.91358 54 72 0.75 24 63 0.380952 10 54 0.185185 0.0163934 
I 82531 82531 but CC 9 1 8104 14104 IW1001 B 5.69784 75.505 10.4508 7.83841 5 68 85 4 5 1 1.25 0 0 0 0 0 0 5 6.25 5 6.25 145 85 0.586207 80 7.34569 7 20.5714 2 0.285714 3 123 137 0.89781 101 130 0.776923 61 123 0.495935 32 116 0.275862 0 
I 64707 64707 Planning NNP 0 1 6353 12353 IW0962 B 6.37797 65.0587 10.1837 8.20948 7 72 74.2268 12 12.3711 3 3.09278 5 5.15464 0 0 0 0 6 6.18557 6 6.18557 162 101 0.623457 97 4.73077 11 14.7273 8 0.727273 0 138 151 0.913907 117 140 0.835714 73 129 0.565891 26 118 0.220339 0.0196078 
I 68429 68429 to TO 6 1 6757 12757 IW0962 A 6.75687 57.5589 11.6146 9.1607 7 70 72.1649 5 5.15464 5 5.15464 7 7.2165 2 2.06186 0 0 6 6.18557 8 8.24742 175 103 0.588571 97 4.15207 11 15.8182 5 0.454545 3 149 163 0.91411 109 152 0.717105 63 141 0.446809 33 130 0.253846 0.038835 
I 78670 78670 other JJ 2 1 7728 13728 IW1001 C 5.47513 77.0319 11.1121 8.66351 5 59 84.2857 5 7.14286 0 0 0 0 0 0 0 0 2 2.85714 2 2.85714 198 73 0.368687 70 7.70957 8 24.75 3 0.375 4 178 190 0.936842 153 182 0.840659 101 174 0.58046 52 166 0.313253 0 
I 66912 66912 money NN 4 1 6597 12597 IW0962 C 5.98848 76.4831 8.78065 6.4421 5 49 89.0909 1 1.81818 1 1.81818 2 3.63636 0 0 0 0 2 3.63636 2 3.63636 94 58 0.617021 55 6.44851 6 15.5 4 0.666667 0 81 87 0.931035 72 81 0.888889 41 75 0.546667 15 69 0.217391 0.0172414 
I 38974 38974 there EX 3 1 3809 3809 IW-0862 C 6.54001 68.5954 10.7864 8.1323 7 51 68.9189 6 8.10811 3 4.05405 2 2.7027 0 0 0 0 6 8.10811 6 8.10811 146 80 0.547945 74 5.84032 8 17.875 2 0.25 8 119 135 0.881481 76 127 0.598425 44 119 0.369748 10 111 0.0900901 0.0126582 
I 27832 27832 opinion NN 11 1 2740 2740 IW-0861 B 7.15966 68.286 8.40909 7.15068 9 54 75 7 9.72222 2 2.77778 2 2.77778 0 0 0 0 6 8.33333 6 8.33333 112 77 0.6875 72 5.84701 8 13.75 5 0.625 1 91 102 0.892157 73 94 0.776596 34 86 0.395349 9 78 0.115385 0 
I 42564 42564 have VBP 9 1 4144 10144 IW0901 A 0 69.786 9.2 7.252 1 61 74.3902 11 13.4146 2 2.43902 3 3.65854 0 0 0 0 3 3.65854 3 3.65854 152 86 0.565789 82 4.90404 11 13.6364 9 0.818182 4 128 139 0.920863 96 128 0.75 54 117 0.461538 19 106 0.179245 0.0232558 
I 47572 47572 that WDT 6 1 4634 10634 IW0901 A 5.88544 83.8363 6.63718 4.15659 5 62 77.5 11 13.75 3 3.75 0 0 0 0 0 0 4 5 4 5 151 84 0.556291 80 5.43468 14 10.5 9 0.642857 1 129 133 0.969925 108 119 0.907563 69 106 0.650943 19 93 0.204301 0.047619 
I 46799 46799 think VBP 4 1 4557 10557 IW0901 B 7.1263 66.8872 11.1506 8.4016 9 61 76.25 3 3.75 2 2.5 6 7.5 0 0 1 1.25 7 8.75 8 10 164 85 0.518293 80 8.02773 9 18 3 0.333333 0 147 153 0.960784 116 144 0.805556 57 135 0.422222 22 126 0.174603 0.0235294 
I 41745 41745 As IN 0 1 4067 10067 IW0901 A 6.80656 67.7612 9.09402 7.24778 7 74 77.8947 8 8.42105 1 1.05263 3 3.15789 0 0 1 1.05263 7 7.36842 8 8.42105 182 104 0.571429 95 5.68026 14 12.8571 13 0.928571 1 163 167 0.976048 135 154 0.876623 80 141 0.567376 36 128 0.28125 0.0285714 
I 72720 72720 many JJ 3 1 7180 13180 IW1001 B 5.77066 72.0514 7.86643 6.51561 5 64 82.0513 7 8.97436 1 1.28205 2 2.5641 0 0 0 0 5 6.41026 5 6.41026 175 90 0.514286 78 4.28566 13 13.3077 4 0.307692 0 139 160 0.86875 112 147 0.761905 53 134 0.395522 11 121 0.0909091 0 
I 71773 71773 are VBP 2 1 7088 13088 IW1001 A 5.8785 68.8494 10.7795 7.96231 5 58 77.3333 5 6.66667 2 2.66667 4 5.33333 0 0 0 0 5 6.66667 5 6.66667 157 80 0.509554 75 6.87992 9 17.3333 7 0.777778 2 132 147 0.897959 109 138 0.789855 72 129 0.55814 37 120 0.308333 0.0253165 
I 6725 6725 prevent VB 7 1 649 0649 IW-0801 A 7.47644 73.2702 8.26944 5.41519 9 70 77.7778 6 6.66667 3 3.33333 5 5.55556 0 0 0 0 4 4.44444 4 4.44444 157 96 0.611465 90 3.19179 16 9.75 13 0.8125 4 130 140 0.928571 102 124 0.822581 60 108 0.555556 21 92 0.228261 0.0421053 
I 37344 37344 others NNS 8 1 3659 3659 IW-0861 A 6.1878 67.355 8.92064 7.05873 7 66 69.4737 9 9.47368 4 4.21053 5 5.26316 0 0 2 2.10526 8 8.42105 10 10.5263 181 100 0.552486 95 4.80858 14 12.8571 7 0.5 1 148 166 0.891566 117 152 0.769737 67 138 0.485507 23 124 0.185484 0.00980392 
I 61609 61609 the DT 3 1 6028 12028 IW0962 B 6.23661 69.6841 9.27174 6.66584 7 67 73.6264 8 8.79121 4 4.3956 5 5.49451 0 0 0 0 5 5.49451 5 5.49451 154 95 0.616883 91 5.09016 12 12.5833 7 0.583333 3 130 139 0.935252 96 127 0.755906 45 115 0.391304 18 103 0.174757 0.0210526 
I 45817 45817 this DT 2 1 4465 10465 IW0901 A 7.48342 69.6931 10.7035 8.06545 9 64 71.9101 10 11.236 5 5.61798 2 2.24719 0 0 0 0 6 6.74157 6 6.74157 168 100 0.595238 89 6.9602 9 18.3333 6 0.666667 2 151 156 0.967949 124 147 0.843537 82 138 0.594203 35 129 0.271318 0.050505 
I 34827 34827 one CD 13 1 3411 3411 IW-0862 A 7.01998 74.1326 9.16969 6.7604 9 75 76.5306 6 6.12245 5 5.10204 4 4.08163 1 1.02041 0 0 7 7.14286 8 8.16327 203 108 0.53202 98 5.19786 13 15.4615 5 0.384615 0 175 188 0.930851 140 175 0.8 83 162 0.512346 39 149 0.261745 0 
I 28445 28445 pressure NN 18 1 2801 2801 IW-0863 B 6.6096 74.1269 7.27028 6.00772 7 62 72.9412 11 12.9412 5 5.88235 1 1.17647 0 0 0 0 4 4.70588 4 4.70588 174 89 0.511494 85 5.04653 13 13.3846 5 0.384615 4 142 161 0.881988 106 148 0.716216 59 135 0.437037 17 122 0.139344 0.0561798 
I 68055 68055 contribute VB 5 1 6717 12717 IW0962 C 6.49953 83.9133 6.08667 4.1429 7 58 78.3784 3 4.05405 2 2.7027 4 5.40541 0 0 1 1.35135 4 5.40541 5 6.75676 127 75 0.590551 74 2.43099 12 10.4167 6 0.5 2 98 113 0.867257 75 101 0.742574 52 89 0.58427 26 77 0.337662 0.04 
I 8641 8641 movie NN 13 1 829 0829 IW-0803 B 6.07431 61.7443 10.5445 8.1704 7 72 75 7 7.29167 1 1.04167 4 4.16667 0 0 1 1.04167 10 10.4167 11 11.4583 156 102 0.653846 96 6.56185 11 14.1818 4 0.363636 3 131 145 0.903448 91 134 0.679105 49 123 0.398374 16 113 0.141593 0.00961538 
I 9246 9246 parents NNS 9 1 888 0888 IW-0803 A 6.36189 76.1741 8.3935 6.02976 7 70 80.4598 10 11.4943 0 0 1 1.14943 0 0 0 0 7 8.04598 7 8.04598 210 96 0.457143 87 6.36516 14 14.6429 11 0.785714 0 173 191 0.905759 133 177 0.751412 76 163 0.466258 37 149 0.248322 0.0412371 
I 80435 80435 even RB 12 1 7902 13902 IW1001 B 5.2919 82.7382 7.82131 5.08832 5 82 82 7 7 2 2 1 1 0 0 0 0 8 8 8 8 219 108 0.493151 100 7.22815 16 13.5625 9 0.5625 1 185 201 0.920398 156 185 0.843243 102 169 0.60355 29 154 0.188312 0.0183486 
I 69203 69203 everyone NN 5 1 6845 12845 IW0962 C 7.02625 68.3427 9.16324 7.40362 9 42 70 2 3.33333 2 3.33333 2 3.33333 3 5 1 1.66667 6 10 10 16.6667 76 60 0.789474 60 7.78203 5 14.8 3 0.6 3 61 69 0.884058 46 64 0.71875 28 59 0.474576 7 54 0.12963 0.0847458 
I 84466 84466 meet VBP 4 1 8285 14285 IW1001 A 7.29289 62.8767 9.66667 7.80167 9 51 72.8571 5 7.14286 5 7.14286 4 5.71429 0 0 1 1.42857 2 2.85714 3 4.28571 121 75 0.619835 70 4.10961 9 13.3333 8 0.888889 2 100 111 0.900901 73 102 0.715686 35 93 0.376344 16 84 0.190476 0.027027 
I 77328 77328 disadventage NN 3 0 7609 13609 IW1001 B 5.38175 72.7839 8.8732 6.75933 5 53 72.6027 4 5.47945 3 4.10959 4 5.47945 0 0 0 0 6 8.21918 6 8.21918 147 80 0.544218 73 6.64906 10 14.7 5 0.5 4 123 137 0.89781 95 127 0.748031 64 117 0.547009 25 107 0.233645 0.0123457 
I 55235 55235 reading VBG 2 1 5358 11358 IW0901 B 6.0626 78.6739 7.80375 5.97409 7 73 82.0225 6 6.74157 1 1.1236 1 1.1236 0 0 0 0 10 11.236 10 11.236 196 97 0.494898 89 4.05436 13 14.8462 8 0.615385 0 170 180 0.944444 147 167 0.88024 107 154 0.694805 56 141 0.397163 0.0103093 
I 43584 43584 ability NN 4 1 4242 10242 IW0901 A 5.83603 73.8412 8.04444 5.19582 5 71 80.6818 8 9.09091 2 2.27273 1 1.13636 0 0 0 0 6 6.81818 6 6.81818 156 90 0.576923 88 2.91043 17 9 17 1 1 127 136 0.933824 105 119 0.882353 66 102 0.647059 27 85 0.317647 0.0222222 
I 12568 12568 including VBG 17 1 1213 1213 IW-0803 A 5.24921 81.1878 8.48547 5.02932 5 56 78.8732 9 12.6761 3 4.22535 0 0 0 0 1 1.40845 3 4.22535 4 5.6338 137 74 0.540146 71 5.71065 11 12.4545 8 0.727273 1 117 126 0.928571 99 115 0.86087 68 104 0.653846 21 93 0.225806 0.0135135 
I 56378 56378 buying VBG 5 1 5473 11473 IW0962 B 7.10316 56.1349 11.6738 9.21816 9 54 75 5 6.94444 3 4.16667 3 4.16667 0 0 0 0 6 8.33333 6 8.33333 124 75 0.604839 72 5.06828 8 15.25 6 0.75 1 109 114 0.95614 82 106 0.773585 40 98 0.408163 9 90 0.1 0.027027 
I 21232 21232 feel VB 6 1 2066 2066 IW-0861 A 6.1878 77.1913 8.05892 6.05349 7 79 80.6122 6 6.12245 3 3.06122 2 2.04082 0 0 0 0 6 6.12245 6 6.12245 172 106 0.616279 98 5.83571 12 14.3333 9 0.75 2 147 160 0.91875 129 148 0.871622 86 136 0.632353 35 124 0.282258 0.0188679 
I 70205 70205 so IN 7 1 6943 12943 IW1001 C 6.78471 77.4312 7.3978 5.68879 7 49 83.0508 5 8.47458 1 1.69492 1 1.69492 0 0 0 0 5 8.47458 5 8.47458 91 61 0.67033 59 4.50397 7 13 1 0.142857 0 71 84 0.845238 54 77 0.701299 32 70 0.457143 11 63 0.174603 0.0163934 
I 33179 33179 the DT 74 1 3250 3250 IW-0861 C 9.02171 45.2768 17.0444 14.7696 13 51 67.1053 6 7.89474 2 2.63158 3 3.94737 0 0 0 0 8 10.5263 8 10.5263 128 81 0.632812 76 24.6006 4 31.75 0 0 8 99 123 0.804878 64 119 0.537815 29 115 0.252174 2 111 0.018018 0.0246914 
I 52035 52035 can MD 6 1 5061 11061 IW0901 A 6.18087 85.631 6.82105 4.46228 7 49 85.9649 4 7.01754 0 0 0 0 0 0 0 0 3 5.26316 3 5.26316 116 60 0.517241 57 5.12076 9 12.6667 6 0.666667 1 102 105 0.971429 86 96 0.895833 50 87 0.574713 17 78 0.217949 0.0169492 
I 71472 71472 have VBP 2 1 7059 13059 IW1001 B 6.37831 73.7802 8.01927 6.05421 7 92 76.0331 10 8.26446 4 3.30579 5 4.13223 0 0 1 0.826446 9 7.43802 10 8.26446 241 135 0.560166 121 4.79439 19 12.4737 7 0.368421 1 190 218 0.87156 140 199 0.703518 75 180 0.416667 24 161 0.149068 0.0220588 
I 38351 38351 her PRP 14 1 3747 3747 IW-0861 A 7.0001 66.659 8.64228 7.0316 9 75 75 7 7 4 4 3 3 1 1 0 0 11 11 12 12 174 111 0.637931 100 6.32923 13 13.3077 8 0.615385 2 143 160 0.89375 114 147 0.77551 53 134 0.395522 18 121 0.14876 0.00900901 
I 29407 29407 about IN 3 1 2895 2895 IW-0862 B 6.09383 84.3977 6.54545 3.97182 7 52 78.7879 5 7.57576 6 9.09091 2 3.0303 0 0 0 0 1 1.51515 1 1.51515 114 69 0.605263 66 5.44393 11 10 6 0.545455 0 93 99 0.939394 72 89 0.808989 49 79 0.620253 13 70 0.185714 0.0142857 
I 13895 13895 , , 1 1 1344 1344 IW-0803 A 7.27359 66.0087 9.42116 7.40622 9 66 64.0777 11 10.6796 4 3.8835 5 4.85437 0 0 4 3.8835 9 8.73786 13 12.6214 191 111 0.581152 103 7.85068 13 14.5385 6 0.461538 5 147 176 0.835227 102 163 0.625767 51 150 0.34 17 137 0.124088 0.027027 
I 9012 9012 I PRP 0 1 864 0864 IW-0803 A 5.528 75.7679 7.12418 5.32163 5 69 75 7 7.6087 4 4.34783 2 2.17391 0 0 1 1.08696 7 7.6087 8 8.69565 181 101 0.558011 92 6.80016 17 10.5882 12 0.705882 3 136 163 0.834356 106 146 0.726027 53 129 0.410853 21 112 0.1875 0 
I 75303 75303 's POS 5 1 7414 13414 IW1001 B 5.89727 83.6627 6.4464 4.20586 5 66 76.7442 11 12.7907 1 1.16279 1 1.16279 0 0 0 0 7 8.13953 7 8.13953 182 89 0.489011 86 3.41481 17 10.5294 15 0.882353 1 152 162 0.938272 126 145 0.868966 76 128 0.59375 31 111 0.279279 0.0337079 
I 23751 23751 joyful NN 15 1 2325 2325 IW-0863 B 7.69793 67.1304 8.74203 7.70522 9 36 61.0169 7 11.8644 7 11.8644 2 3.38983 1 1.69492 0 0 4 6.77966 5 8.47458 93 61 0.655914 59 7.86695 6 15.3333 1 0.166667 2 76 86 0.883721 61 80 0.7625 31 74 0.418919 8 68 0.117647 0.0833333 
I 12516 12516 fish NN 1 1 1207 1207 IW-0803 B 5.72573 81.1597 8.37079 4.69447 5 54 81.8182 1 1.51515 3 4.54545 0 0 0 0 0 0 6 9.09091 6 9.09091 122 71 0.581967 66 5.45151 11 11.0909 7 0.636364 3 98 111 0.882883 79 100 0.79 45 89 0.505618 17 78 0.217949 0 
I 71617 71617 after IN 5 1 7074 13074 IW1001 B 6.89411 71.665 7.77778 5.74778 7 69 70.4082 12 12.2449 6 6.12245 2 2.04082 1 1.02041 0 0 6 6.12245 7 7.14286 180 106 0.588889 98 2.94392 18 10 10 0.555556 3 143 162 0.882716 106 144 0.736111 49 126 0.388889 18 108 0.166667 0.0373832 
I 40605 40605 helping VBG 6 1 3962 3962 IW-0861 B 5.65032 81.7808 6.58548 4.74052 5 64 82.0513 5 6.41026 4 5.12821 0 0 0 0 0 0 5 6.41026 5 6.41026 187 85 0.454545 78 5.78657 16 11.625 12 0.75 1 157 170 0.923529 132 154 0.857143 77 138 0.557971 33 122 0.270492 0 
I 25659 25659 during IN 7 1 2522 2522 IW-0863 C 6.15969 66.0633 9.36911 7.44 7 38 79.1667 7 14.5833 0 0 0 0 0 0 0 0 2 4.16667 2 4.16667 82 52 0.634146 48 7.90921 6 13.6667 3 0.5 2 69 76 0.907895 61 70 0.871429 33 64 0.515625 11 58 0.189655 0.0192308 
I 16937 16937 in IN 6 1 1641 1641 IW-0803 A 5.95064 67.1648 10.2424 6.94007 5 52 75.3623 4 5.7971 5 7.24638 2 2.89855 0 0 0 0 7 10.1449 7 10.1449 136 73 0.536765 69 2.5259 11 12.2727 8 0.727273 2 110 124 0.887097 82 113 0.725664 44 102 0.431373 18 91 0.197802 0.0273973 
I 43316 43316 books NNS 12 1 4217 10217 IW0901 A 6.53741 68.506 9.18716 6.81902 7 61 71.7647 12 14.1176 4 4.70588 3 3.52941 0 0 0 0 6 7.05882 6 7.05882 168 91 0.541667 85 6.25778 13 12.6154 9 0.692308 1 145 151 0.960265 111 138 0.804348 53 125 0.424 16 112 0.142857 0.0444444 
I 12068 12068 without IN 5 1 1168 1168 IW-0801 C 7.64118 58.195 11.2182 7.875 9 43 69.3548 5 8.06452 5 8.06452 3 4.83871 0 0 1 1.6129 2 3.22581 3 4.83871 89 64 0.719101 62 3.47985 8 11.125 3 0.375 3 76 81 0.938272 52 73 0.712329 21 65 0.323077 3 57 0.0526316 0.0461538 
I 14424 14424 at IN 6 1 1397 1397 IW-0802 C 8.53921 59.7818 10.6123 8.46107 11 56 58.3333 10 10.4167 14 14.5833 6 6.25 1 1.04167 1 1.04167 8 8.33333 10 10.4167 174 100 0.574713 96 3.91024 13 13.3077 5 0.384615 3 150 160 0.9375 101 147 0.687075 54 134 0.402985 19 121 0.157025 0.117647 
I 35619 35619 controlled VBN 7 1 3491 3491 IW-0862 A 6.80207 60.8831 11.3538 7.99692 7 56 63.6364 13 14.7727 3 3.40909 6 6.81818 0 0 0 0 7 7.95455 7 7.95455 130 94 0.723077 88 4.44972 10 13 8 0.8 3 109 120 0.908333 83 110 0.754545 49 100 0.49 13 90 0.144444 0.0319149 
I 14183 14183 in IN 6 1 1371 1371 IW-0801 A 7.3729 62.7639 13.5978 9.55639 9 70 70 13 13 6 6 4 4 1 1 0 0 6 6 7 7 187 103 0.550802 100 8.89444 9 20.6667 6 0.666667 0 169 177 0.954802 143 168 0.85119 93 159 0.584906 39 150 0.26 0.0196078 
I 26316 26316 the DT 31 1 2588 2588 IW-0861 A 6.35835 63.2494 10.9697 8.99182 7 90 74.3802 11 9.09091 5 4.13223 3 2.47934 2 1.65289 0 0 9 7.43802 11 9.09091 221 130 0.588235 121 8.17856 12 18.3333 8 0.666667 1 193 208 0.927885 157 196 0.80102 100 184 0.543478 32 172 0.186047 0.0155039 
I 3969 3969 nearsightedness NNS 9 1 386 0386 IW-0801 B 8.0546 56.8095 10.6917 8.70707 11 76 67.2566 13 11.5044 4 3.53982 3 2.65487 0 0 2 1.76991 12 10.6195 14 12.3894 195 121 0.620513 113 5.53614 15 12.8667 5 0.333333 8 155 178 0.870786 116 163 0.711656 46 148 0.310811 12 133 0.0902256 0.0330578 
I 42739 42739 that WDT 14 1 4162 10162 IW0901 C 6.63341 70.8896 8.8938 7.62598 7 72 79.1209 10 10.989 3 3.2967 1 1.0989 1 1.0989 1 1.0989 2 2.1978 4 4.3956 137 93 0.678832 91 8.28308 8 17.125 3 0.375 1 116 129 0.899225 92 121 0.760331 36 113 0.318584 9 105 0.0857143 0.0322581 
I 46382 46382 . . 10 1 4518 10518 IW0901 A 6.94509 82.5648 7.5388 4.27131 7 71 77.1739 9 9.78261 2 2.17391 2 2.17391 0 0 0 0 8 8.69565 8 8.69565 180 94 0.522222 92 3.71847 17 10.2353 8 0.470588 0 155 157 0.987261 119 140 0.85 70 123 0.569106 25 106 0.235849 0.0106383 
I 46447 46447 so RB 20 1 4524 10524 IW0901 B 7.51365 48.525 15.2667 12.4533 9 51 60 14 16.4706 11 12.9412 4 4.70588 0 0 0 0 4 4.70588 4 4.70588 120 87 0.725 85 7.85281 6 20 2 0.333333 1 111 114 0.973684 77 108 0.712963 34 102 0.333333 14 96 0.145833 0.045977 
I 83095 83095 a DT 11 1 8159 14159 IW1001 B 6.131 71.5534 10.2269 7.71971 7 63 75.9036 10 12.0482 1 1.20482 2 2.40964 0 0 0 0 6 7.22892 6 7.22892 144 87 0.604167 83 11.3578 8 18 1 0.125 2 122 135 0.903704 93 127 0.732283 43 119 0.361345 17 111 0.153153 0.0232558 
I 54811 54811 Internet NNP 2 1 5319 11319 IW0901 B 7.00868 76.7271 7.26471 4.89559 9 68 77.2727 12 13.6364 2 2.27273 4 4.54545 0 0 0 0 4 4.54545 4 4.54545 161 96 0.596273 88 3.51566 17 9.41177 12 0.705882 0 139 143 0.972028 102 126 0.809524 51 109 0.46789 17 92 0.184783 0.0104167 
I 51098 51098 , , 2 1 4971 10971 IW0901 A 6.02223 81.1501 7.05304 4.87508 7 70 72.9167 13 13.5417 2 2.08333 2 2.08333 0 0 0 0 8 8.33333 8 8.33333 195 102 0.523077 96 2.47171 16 11.875 13 0.8125 1 165 174 0.948276 140 158 0.886076 82 142 0.577465 34 126 0.269841 0.019802 
I 56257 56257 use NN 16 1 5460 11460 IW0962 B 8.18178 64.3873 9.52302 6.91192 11 41 65.0794 5 7.93651 7 11.1111 4 6.34921 0 0 0 0 7 11.1111 7 11.1111 111 69 0.621622 63 6.24179 10 11.2 4 0.4 3 81 99 0.818182 49 89 0.550562 28 79 0.35443 11 69 0.15942 0.0151515 
I 3375 3375 can MD 2 1 327 0327 IW-0801 C 6.19998 75.1909 8.70091 6.13929 7 60 81.0811 4 5.40541 1 1.35135 4 5.40541 0 0 0 0 3 4.05405 3 4.05405 125 77 0.616 74 5.73488 9 13.6667 3 0.333333 3 107 114 0.938596 86 105 0.819048 38 96 0.395833 6 87 0.0689655 0.025974 
I 36533 36533 ca MD 5 1 3580 3580 IW-0863 A 6.91603 75.4261 6.43085 5.38008 7 66 68.75 14 14.5833 8 8.33333 2 2.08333 0 0 0 0 6 6.25 6 6.25 203 101 0.497537 96 4.11941 19 10.6316 15 0.789474 1 175 184 0.951087 135 166 0.813253 69 148 0.466216 25 130 0.192308 0.05 
I 35703 35703 to TO 7 1 3500 3500 IW-0862 A 5.98592 74.805 8.96667 5.80667 5 49 70 9 12.8571 2 2.85714 3 4.28571 1 1.42857 2 2.85714 4 5.71429 7 10 145 77 0.531034 70 2.97325 13 11.0769 4 0.307692 0 125 131 0.954198 97 118 0.822034 40 105 0.380952 4 92 0.0434783 0.0526316 
I 35782 35782 to TO 3 1 3508 3508 IW-0862 A 6.15544 88.5941 7.53421 4.40782 7 57 79.1667 2 2.77778 0 0 1 1.38889 0 0 0 0 7 9.72222 7 9.72222 129 74 0.573643 72 5.78205 9 14.1111 3 0.333333 7 98 118 0.830508 72 109 0.66055 35 100 0.35 17 91 0.186813 0 
I 61482 61482 good JJ 10 1 6013 12013 IW0962 B 7.59703 49.0414 16.2897 13.6234 9 57 76 6 8 2 2.66667 4 5.33333 0 0 0 0 7 9.33333 7 9.33333 149 79 0.530201 75 13.7637 5 29.4 3 0.6 1 127 142 0.894366 109 137 0.79562 71 132 0.537879 25 127 0.19685 0.0128205 
I 84317 84317 . . 14 1 8269 14269 IW1001 B 6.41281 73.7735 8.82407 7.16162 7 58 76.3158 6 7.89474 1 1.31579 2 2.63158 1 1.31579 0 0 7 9.21053 8 10.5263 136 85 0.625 76 3.8873 9 15 4 0.444444 3 117 126 0.928571 91 117 0.777778 45 108 0.416667 16 99 0.161616 0.0116279 
I 56141 56141 in IN 7 1 5447 11447 IW0962 B 7.42116 65.8675 9.8091 7.62656 9 73 73 9 9 4 4 5 5 0 0 0 0 9 9 9 9 192 106 0.552083 100 7.00127 13 14.4615 6 0.461538 2 153 175 0.874286 116 162 0.716049 68 149 0.456376 30 136 0.220588 0.0283019 
I 11138 11138 do VBP 5 1 1073 1073 IW-0801 B 8.28033 55.122 11.3333 9.29733 11 55 76.3889 6 8.33333 1 1.38889 2 2.77778 0 0 0 0 4 5.55556 4 5.55556 158 76 0.481013 72 5.42586 10 15.6 3 0.3 6 130 146 0.890411 95 136 0.698529 47 126 0.373016 14 116 0.12069 0.0131579 
I 42903 42903 are VBP 1 1 4176 10176 IW0901 C 4.95816 88.2991 4.6936 3.00177 1 63 87.5 3 4.16667 0 0 1 1.38889 0 0 0 0 5 6.94444 5 6.94444 118 77 0.652542 72 4.63992 15 7.73333 5 0.333333 1 96 101 0.950495 68 87 0.781609 32 73 0.438356 10 61 0.163934 0 
I 52059 52059 . . 28 1 5064 11064 IW0901 C 7.07322 80.786 7.35559 5.57576 9 49 84.4828 2 3.44828 1 1.72414 0 0 0 0 0 0 6 10.3448 6 10.3448 107 65 0.607477 58 7.63451 7 15 1 0.142857 4 85 98 0.867347 50 91 0.549451 20 84 0.238095 9 77 0.116883 0.030303 
I 85479 85479 to TO 11 1 8375 14375 IW1001 A 6.12738 70.7456 11.0216 7.77027 7 70 79.5455 7 7.95455 3 3.40909 3 3.40909 0 0 0 0 5 5.68182 5 5.68182 143 97 0.678322 88 8.07678 8 17.625 6 0.75 0 126 133 0.947368 109 125 0.872 72 117 0.615385 39 109 0.357798 0.0208333 
I 56858 56858 ! . 19 1 5520 11520 IW0962 B 7.91242 51.367 12.3515 10.1627 9 56 67.4699 8 9.63855 3 3.61446 5 6.0241 2 2.40964 1 1.20482 7 8.43373 10 12.0482 131 86 0.656489 83 3.63791 8 16.375 4 0.5 1 113 123 0.918699 85 115 0.73913 46 107 0.429907 9 99 0.0909091 0.0581395 
I 6153 6153 delicious JJ 7 1 596 0596 IW-0803 C 7.18122 72.2623 8.07143 5.35393 9 30 69.7674 7 16.2791 0 0 0 0 0 0 0 0 4 9.30233 4 9.30233 70 46 0.657143 43 1.71391 8 8.75 4 0.5 4 52 62 0.83871 29 54 0.537037 9 46 0.195652 2 38 0.0526316 0.0217391 
I 43570 43570 Nowadays RB 0 1 4241 10241 IW0901 A 6.83852 73.8529 9.48371 6.7096 7 72 80 9 10 2 2.22222 3 3.33333 1 1.11111 0 0 3 3.33333 4 4.44444 151 96 0.635762 90 5.12738 10 15.1 9 0.9 0 135 141 0.957447 119 131 0.908397 79 121 0.652893 33 111 0.297297 0.0104167 
I 51376 51376 time NN 53 1 4999 10999 IW0901 A 7.74278 47.415 13.7778 11.6144 9 73 64.6018 17 15.0442 7 6.19469 7 6.19469 1 0.884956 0 0 6 5.30973 7 6.19469 182 121 0.664835 113 11.5662 9 20 3 0.333333 3 163 171 0.953216 128 162 0.790123 65 153 0.424837 23 144 0.159722 0.0569106 
I 38117 38117 to TO 4 1 3725 3725 IW-0862 B 6.51463 83.7493 7.61786 5.52798 7 65 79.2683 4 4.87805 0 0 3 3.65854 0 0 0 0 8 9.7561 8 9.7561 162 85 0.524691 82 4.41475 10 15.9 8 0.8 2 139 149 0.932886 121 139 0.870504 75 129 0.581395 27 119 0.226891 0.0235294 
I 73113 73113 . . 16 1 7212 13212 IW1001 A 6.6096 66.2939 9.39382 7.29546 7 63 71.5909 17 19.3182 2 2.27273 1 1.13636 2 2.27273 1 1.13636 6 6.81818 9 10.2273 185 101 0.545946 88 5.51852 14 13.2143 10 0.714286 1 154 171 0.900585 118 157 0.751592 69 143 0.482517 32 129 0.248062 0.0588235 
I 47607 47607 . . 14 1 4637 10637 IW0901 C 6.997 68.9691 7.05641 5.79256 7 39 73.5849 8 15.0943 2 3.77358 3 5.66038 0 0 0 0 1 1.88679 1 1.88679 79 55 0.696203 53 3.01846 9 8.66667 5 0.555556 0 65 69 0.942029 46 60 0.766667 24 51 0.470588 6 42 0.142857 0.0181818 
I 57987 57987 The DT 0 1 5647 11647 IW0962 B 6.14345 69.8578 7.84683 6.57123 7 63 78.75 4 5 3 3.75 4 5 0 0 0 0 6 7.5 6 7.5 124 85 0.685484 80 4.755 10 12.3 5 0.5 1 100 113 0.884956 85 103 0.825243 55 93 0.591398 18 83 0.216867 0.0357143 
I 43058 43058 for IN 25 1 4192 10192 IW0901 B 6.1633 76.1946 7.48283 6.089 7 61 77.2152 7 8.86076 1 1.26582 2 2.53165 0 0 0 0 5 6.32911 5 6.32911 168 85 0.505952 79 4.75146 12 13.9167 6 0.5 5 140 155 0.903226 112 143 0.783217 61 131 0.465649 20 119 0.168067 0.0119048 
I 13309 13309 go VBP 15 1 1288 1288 IW-0803 B 6.5304 72.6245 7.96415 6.31406 7 49 70 6 8.57143 3 4.28571 1 1.42857 0 0 0 0 12 17.1429 12 17.1429 145 79 0.544828 70 6.37868 12 11.75 6 0.5 5 108 129 0.837209 75 117 0.641026 33 105 0.314286 13 93 0.139785 0.0126582 
I 72054 72054 a DT 8 1 7115 13115 IW1001 A 6.49109 62.4754 10.9589 8.99212 7 61 65.5914 14 15.0538 3 3.22581 5 5.37634 0 0 0 0 7 7.52688 7 7.52688 182 105 0.576923 93 6.46529 10 18 8 0.8 5 154 170 0.905882 122 160 0.7625 73 150 0.486667 23 140 0.164286 0.00934579 
HI 52706 52706 changing NN 1 1 4169 9169 HW1001 B 8.99911 62.2351 9.9713 7.98034 11 62 67.3913 12 13.0435 6 6.52174 4 4.34783 1 1.08696 0 0 7 7.6087 8 8.69565 180 100 0.555556 92 5.91158 13 13.7692 9 0.692308 3 153 165 0.927273 114 152 0.75 53 139 0.381295 14 126 0.111111 0.0306122 
HI 48054 48054 good JJ 5 1 3829 8829 HW1001 A 6.25468 62.5258 9.12941 8.01622 7 87 63.5037 26 18.9781 3 2.18978 7 5.10949 2 1.45985 0 0 12 8.75912 14 10.219 240 149 0.620833 137 6.58876 17 14 11 0.647059 0 208 221 0.941176 169 204 0.828431 91 187 0.486631 26 170 0.152941 0.0204082 
HI 2965 2965 make VB 22 1 247 4247 HW-0801 C 8.53018 36.532 15.881 12.1635 11 51 54.2553 17 18.0851 3 3.19149 8 8.51064 0 0 5 5.31915 7 7.44681 12 12.766 161 102 0.63354 94 8.06784 10 16.1 5 0.5 4 139 151 0.92053 99 141 0.702128 53 131 0.40458 26 121 0.214876 0.0784314 
HI 40912 40912 online JJ 10 1 3308 8308 HW0961 C 6.80526 60.2765 10.6123 8.39206 7 56 77.7778 6 8.33333 2 2.77778 0 0 1 1.38889 1 1.38889 7 9.72222 9 12.5 116 75 0.646552 72 2.90474 8 14.25 3 0.375 0 102 106 0.962264 87 98 0.887755 46 90 0.511111 18 82 0.219512 0.0135135 
HI 3263 3263 and CC 16 1 272 4272 HW-0801 A 6.68371 64.8 11.5442 8.86664 7 66 69.4737 6 6.31579 5 5.26316 8 8.42105 0 0 0 0 10 10.5263 10 10.5263 188 102 0.542553 95 7.6948 10 18.7 6 0.6 0 165 177 0.932203 142 167 0.850299 86 157 0.547771 34 147 0.231293 0.038835 
HI 16042 16042 problems NNS 16 1 1271 6271 HW0901 A 6.531 68.0114 9.21251 7.51609 7 78 73.5849 11 10.3774 5 4.71698 4 3.77358 0 0 1 0.943396 4 3.77358 5 4.71698 227 119 0.524229 106 5.60215 17 13.2941 14 0.823529 5 195 209 0.933014 161 192 0.838542 104 175 0.594286 44 158 0.278481 0.0666667 
HI 23229 23229 attacked VBD 17 1 1848 6848 HW0901 B 8.54136 53.0783 12.583 9.48684 11 66 55.9322 22 18.6441 9 7.62712 7 5.9322 1 0.847458 0 0 10 8.47458 11 9.32203 192 128 0.666667 118 7.09863 13 14.6154 8 0.615385 4 163 177 0.920904 123 164 0.75 61 151 0.403974 23 138 0.166667 0.0697674 
HI 54133 54133 the DT 2 1 4272 9272 HW1001 B 7.25992 71.2221 9.46178 7.01347 9 69 71.875 10 10.4167 5 5.20833 4 4.16667 1 1.04167 0 0 8 8.33333 9 9.375 196 104 0.530612 96 6.2983 13 14.8462 7 0.538462 1 171 180 0.95 132 167 0.790419 79 154 0.512987 31 141 0.219858 0.0291262 
HI 11624 11624 . . 14 1 919 4919 HW-0861 B 7.13049 72.7229 9.59061 6.21589 9 95 67.3759 18 12.766 7 4.96454 5 3.5461 1 0.70922 0 0 13 9.21986 14 9.92908 292 147 0.503425 141 4.21044 23 12.4783 20 0.869565 3 255 264 0.965909 200 241 0.829876 119 218 0.545872 55 195 0.282051 0.0680272 
HI 52127 52127 behavior NN 24 1 4130 9130 HW1001 B 8.71673 55.0819 12.8659 10.6444 11 75 56.8182 24 18.1818 9 6.81818 16 12.1212 2 1.51515 1 0.757576 4 3.0303 7 5.30303 306 146 0.477124 132 8.36501 15 20.4 9 0.6 2 278 291 0.955326 239 276 0.865942 153 261 0.586207 61 246 0.247967 0.10274 
HI 5138 5138 Futhermore RB 0 1 433 4433 HW-0801 B 8.0054 35.054 16.6171 13.0224 11 72 59.0164 15 12.2951 10 8.19672 10 8.19672 2 1.63934 0 0 12 9.83607 14 11.4754 206 133 0.645631 122 10.558 11 18.7273 6 0.545455 5 177 195 0.907692 129 184 0.701087 66 173 0.381503 17 162 0.104938 0.0451128 
HI 7682 7682 on IN 4 1 633 4633 HW-0861 A 6.70293 64.701 11.2941 8.76499 7 84 70.5882 10 8.40336 4 3.36134 11 9.2437 1 0.840336 0 0 7 5.88235 8 6.72269 311 126 0.405145 119 7.3607 17 18.2353 17 1 2 285 293 0.972696 255 276 0.923913 198 259 0.764479 109 242 0.450413 0.0629921 
HI 53569 53569 inforce VBP 6 0 4232 9232 HW1001 B 9.03454 46.3317 13.7172 9.92717 13 61 58.0952 15 14.2857 8 7.61905 6 5.71429 0 0 1 0.952381 10 9.52381 11 10.4762 191 111 0.581152 105 4.0464 15 12.6 8 0.533333 5 162 174 0.931035 105 159 0.660377 51 144 0.354167 20 129 0.155039 0.0818182 
HI 18331 18331 They PRP 0 1 1458 6458 HW0901 B 6.9367 62.765 10.2101 7.96376 7 80 70.7965 14 12.3894 4 3.53982 3 2.65487 1 0.884956 1 0.884956 9 7.9646 11 9.73451 183 123 0.672131 113 5.00769 13 14 7 0.538462 1 156 169 0.923077 123 156 0.788462 64 143 0.447552 20 130 0.153846 0.0327869 
HI 37686 37686 is VBZ 2 1 3038 8038 HW0961 B 6.3439 68.0131 11.473 8.26526 7 89 67.4242 12 9.09091 8 6.06061 8 6.06061 3 2.27273 0 0 13 9.84848 16 12.1212 222 136 0.612613 132 7.5 14 15.5 3 0.214286 1 188 202 0.930693 148 188 0.787234 94 174 0.54023 41 160 0.25625 0.037037 
HI 18008 18008 which WDT 12 1 1429 6429 HW0901 B 7.82391 54.9794 12.6498 9.47692 9 87 66.4122 18 13.7405 7 5.34351 8 6.10687 0 0 1 0.763359 7 5.34351 8 6.10687 219 141 0.643836 131 10.9249 12 18.25 3 0.25 6 187 207 0.903382 134 195 0.68718 56 183 0.306011 22 171 0.128655 0.0642857 
HI 17721 17721 gentle JJ 20 1 1406 6406 HW0901 A 7.13923 57.7151 13.7762 9.84655 9 102 64.9682 22 14.0127 8 5.09554 12 7.64331 1 0.636943 2 1.27389 9 5.73248 12 7.64331 341 168 0.492669 157 7.18022 18 18.6667 13 0.722222 1 303 318 0.95283 254 300 0.846667 153 282 0.542553 54 264 0.204545 0.0419162 
HI 38033 38033 in IN 12 1 3067 8067 HW0961 B 7.15966 66.0097 10.1848 7.69591 9 68 64.7619 11 10.4762 9 8.57143 6 5.71429 2 1.90476 1 0.952381 9 8.57143 12 11.4286 181 113 0.624309 105 5.11534 12 15 9 0.75 5 153 167 0.916168 124 155 0.8 77 143 0.538462 28 131 0.21374 0.0619469 
HI 22090 22090 this DT 2 1 1762 6762 HW0901 A 8.01954 44.4868 13.6791 11.2394 11 70 56 18 14.4 13 10.4 7 5.6 2 1.6 3 2.4 18 14.4 23 18.4 220 137 0.622727 125 7.16253 13 16.9231 4 0.307692 2 183 207 0.884058 140 194 0.721649 79 181 0.436464 29 168 0.172619 0.0729927 
HI 827 827 . . 31 1 68 4068 HW-0801 A 7.10916 59.868 12.7828 10.0431 9 72 67.9245 15 14.1509 8 7.54717 5 4.71698 0 0 1 0.943396 4 3.77358 5 4.71698 191 113 0.591623 106 9.47511 9 20.6667 3 0.333333 1 169 177 0.954802 142 168 0.845238 96 159 0.603774 34 150 0.226667 0.0446429 
HI 11309 11309 . . 14 1 897 4897 HW-0861 B 6.16998 75.9031 9.81997 6.68271 7 75 72.1154 8 7.69231 5 4.80769 3 2.88462 3 2.88462 1 0.961538 8 7.69231 12 11.5385 228 108 0.473684 104 4.39993 16 14.125 8 0.5 1 197 210 0.938095 170 194 0.876289 117 178 0.657303 55 162 0.339506 0.0555556 
HI 20520 20520 I PRP 1 1 1636 6636 HW0901 A 7.40698 58.6981 13.3692 10.27 9 98 68.0556 19 13.1944 8 5.55556 7 4.86111 0 0 1 0.694444 9 6.25 10 6.94444 275 160 0.581818 144 11.5205 12 22.6667 7 0.583333 5 238 260 0.915385 202 248 0.814516 126 236 0.533898 49 224 0.21875 0.0496894 
HI 19910 19910 I PRP 4 1 1591 6591 HW0901 B 7.07772 63.5857 11.0595 8.34869 9 94 71.7557 11 8.39695 4 3.05344 6 4.58015 3 2.29008 3 2.29008 11 8.39695 17 12.9771 240 143 0.595833 131 5.30995 15 15.9333 9 0.6 1 209 224 0.933036 163 209 0.779904 84 194 0.43299 37 179 0.206704 0.041958 
HI 49956 49956 , , 4 1 3975 8975 HW1001 B 7.03409 64.1853 9.40348 7.77293 9 81 67.5 18 15 5 4.16667 5 4.16667 0 0 0 0 11 9.16667 11 9.16667 298 133 0.446309 120 6.87724 19 15.4211 12 0.631579 1 248 274 0.905109 198 255 0.776471 109 236 0.461864 37 217 0.170507 0.0149254 
HI 30906 30906 . . 20 1 2488 7488 HW0961 B 9.12075 39.2467 13.7017 11.5862 13 55 53.9216 16 15.6863 10 9.80392 8 7.84314 1 0.980392 2 1.96078 8 7.84314 11 10.7843 153 106 0.69281 102 5.1614 10 15.4 5 0.5 2 125 143 0.874126 80 133 0.601504 38 123 0.308943 14 113 0.123894 0.0841122 
HI 45826 45826 result NN 2 1 3666 8666 HW1001 A 9.03735 50.1404 12.2089 9.35867 13 78 67.2414 20 17.2414 4 3.44828 6 5.17241 0 0 2 1.72414 6 5.17241 8 6.89655 254 125 0.492126 116 6.60663 20 12.45 16 0.8 0 204 229 0.89083 139 209 0.665072 75 189 0.396825 26 170 0.152941 0.0403226 
HI 25457 25457 from IN 8 1 2025 7025 HW0901 A 7.51848 54.2811 12.2303 9.33182 9 77 63.1148 12 9.83607 13 10.6557 5 4.09836 1 0.819672 1 0.819672 14 11.4754 16 13.1148 223 131 0.587444 122 5.80708 12 18.6667 7 0.583333 4 196 209 0.937799 161 197 0.817259 90 185 0.486486 34 173 0.196532 0.0307692 
HI 52157 52157 to TO 17 1 4132 9132 HW1001 B 6.27567 73.9452 9.36934 6.58315 7 84 75 12 10.7143 3 2.67857 1 0.892857 0 0 0 0 10 8.92857 10 8.92857 210 120 0.571429 112 6.38757 14 14.6429 10 0.714286 3 180 191 0.942408 138 177 0.779661 74 163 0.453988 28 149 0.187919 0.0252101 
HI 3570 3570 a DT 15 1 299 4299 HW-0801 B 7.95649 50.3758 12.557 10.0167 9 64 65.3061 11 11.2245 7 7.14286 6 6.12245 1 1.02041 1 1.02041 5 5.10204 7 7.14286 198 103 0.520202 98 4.15385 13 15.2308 6 0.461538 4 170 185 0.918919 137 172 0.796512 81 159 0.509434 37 146 0.253425 0.0679612 
HI 30442 30442 the DT 5 1 2447 7447 HW0961 A 7.32168 59.0816 11.654 8.8035 9 82 65.6 15 12 10 8 6 4.8 1 0.8 1 0.8 13 10.4 15 12 262 136 0.519084 125 8.84573 18 14.5556 11 0.611111 5 228 243 0.938272 190 225 0.844444 126 207 0.608696 64 189 0.338624 0.0592593 
HI 12869 12869 a DT 11 1 1006 6006 HW0901 B 6.68921 71.8656 8.64722 6.72904 7 93 71.5385 18 13.8462 6 4.61538 5 3.84615 0 0 0 0 8 6.15385 8 6.15385 230 138 0.6 130 5.50532 16 14.0625 8 0.5 1 189 209 0.904306 146 193 0.756477 70 177 0.39548 23 161 0.142857 0.0507246 
HI 5640 5640 the DT 11 1 476 4476 HW-0801 A 6.31802 72.354 7.84048 5.34735 7 108 69.6774 20 12.9032 9 5.80645 7 4.51613 2 1.29032 0 0 16 10.3226 18 11.6129 371 173 0.466307 155 4.93916 34 10.6765 24 0.705882 0 290 324 0.895062 231 292 0.791096 134 260 0.515385 53 229 0.231441 0.0337079 
HI 42683 42683 students NNS 7 1 3441 8441 HW1001 A 6.76959 63.3746 10.0529 7.57095 7 82 68.9076 16 13.4454 7 5.88235 7 5.88235 1 0.840336 1 0.840336 5 4.20168 7 5.88235 242 135 0.557851 119 4.96358 19 12.6842 17 0.894737 0 210 222 0.945946 166 203 0.817734 100 184 0.543478 43 165 0.260606 0.0666667 
HI 51843 51843 also RB 4 1 4109 9109 HW1001 A 7.24112 55.5585 12.4242 10.0645 9 78 65.5462 13 10.9244 11 9.2437 7 5.88235 2 1.68067 0 0 4 3.36134 6 5.04202 220 128 0.581818 119 4.72902 11 20 5 0.454545 4 193 209 0.923445 154 198 0.777778 84 187 0.449198 28 176 0.159091 0.0234375 
HI 11396 11396 phone NN 17 1 904 4904 HW-0861 B 6.8344 69.2602 10.874 7.69067 7 102 65.8064 22 14.1935 9 5.80645 11 7.09677 2 1.29032 0 0 7 4.51613 9 5.80645 281 164 0.58363 155 4.37321 16 17.5 8 0.5 4 254 264 0.962121 209 248 0.842742 122 232 0.525862 51 216 0.236111 0.0969697 
HI 37209 37209 , , 10 1 3005 8005 HW0961 B 7.62184 57.1641 11.7322 8.53117 9 61 58.0952 18 17.1429 8 7.61905 5 4.7619 1 0.952381 2 1.90476 10 9.52381 13 12.381 211 113 0.535545 105 4.04467 16 13.125 12 0.75 4 186 194 0.958763 142 178 0.797753 70 162 0.432099 19 146 0.130137 0.0707965 
HI 35559 35559 to TO 3 1 2882 7882 HW0961 A 8.00922 49.4773 13.2682 10.1509 11 74 60.6557 16 13.1148 8 6.55738 8 6.55738 0 0 1 0.819672 13 10.6557 14 11.4754 231 126 0.545455 122 6.22325 15 15.2667 6 0.4 2 199 214 0.929907 162 199 0.81407 105 184 0.570652 43 169 0.254438 0.096 
HI 25800 25800 helped VBN 14 1 2052 7052 HW0901 B 7.55357 45.0267 14.4303 12.3513 9 69 66.3462 13 12.5 2 1.92308 3 2.88462 1 0.961538 2 1.92308 16 15.3846 19 18.2692 174 117 0.672414 104 5.93191 8 21.75 6 0.75 3 146 166 0.879518 118 158 0.746835 75 150 0.5 28 142 0.197183 0.034188 
HI 43936 43936 . . 10 1 3532 8532 HW1001 B 6.72967 69.9887 7.76383 6.41633 7 89 75.4237 10 8.47458 5 4.23729 6 5.08475 0 0 0 0 7 5.9322 7 5.9322 236 124 0.525424 118 3.50535 20 11.75 13 0.65 2 186 215 0.865116 132 195 0.676923 48 175 0.274286 13 155 0.083871 0.024 
HI 8950 8950 a DT 2 1 729 4729 HW-0861 B 6.71921 81.1786 6.66505 5.20433 7 62 75.6098 6 7.31707 3 3.65854 0 0 0 0 0 0 8 9.7561 8 9.7561 173 90 0.520231 82 4.16068 14 12.2143 9 0.642857 4 147 157 0.936306 108 143 0.755245 58 129 0.449612 26 115 0.226087 0.011236 
HI 43501 43501 rebellion NN 22 1 3502 8502 HW1001 B 7.86136 53.5236 13.2765 11.7285 9 68 58.1197 22 18.8034 8 6.83761 10 8.54701 0 0 2 1.7094 3 2.5641 5 4.2735 215 127 0.590698 117 4.67724 9 23.8889 3 0.333333 4 195 206 0.946602 152 197 0.771574 71 188 0.37766 23 179 0.128492 0.0472441 
HI 43693 43693 's POS 3 1 3517 8517 HW1001 A 8.32805 53.2173 13.7162 10.6221 11 102 56.6667 23 12.7778 21 11.6667 10 5.55556 3 1.66667 3 1.66667 17 9.44444 23 12.7778 371 192 0.51752 180 9.16424 19 19.2632 9 0.473684 4 319 347 0.919308 242 328 0.737805 144 309 0.466019 63 290 0.217241 0.078125 
HI 8012 8012 if IN 5 1 658 4658 HW-0861 A 6.66722 68.9489 11.3817 8.05194 7 122 73.9394 18 10.9091 9 5.45455 3 1.81818 1 0.606061 0 0 11 6.66667 12 7.27273 363 176 0.484848 165 11.5926 20 17.75 13 0.65 3 323 334 0.967066 267 314 0.850318 169 294 0.57483 73 274 0.266423 0.0457143 
HI 20032 20032 also RB 17 1 1601 6601 HW0901 A 7.85672 49.798 13.0711 10.2387 9 76 62.2951 19 15.5738 11 9.01639 4 3.27869 2 1.63934 0 0 10 8.19672 12 9.83607 237 135 0.56962 122 5.9127 15 15.8 6 0.4 5 204 222 0.918919 167 207 0.806763 103 192 0.536458 45 177 0.254237 0.0740741 
HI 20142 20142 along RP 11 1 1609 6609 HW0901 B 8.37897 48.4028 13.0684 10.0482 11 77 57.037 18 13.3333 11 8.14815 13 9.62963 1 0.740741 2 1.48148 15 11.1111 18 13.3333 229 145 0.633188 135 3.9956 16 14.3125 9 0.5625 1 196 213 0.920188 148 197 0.751269 68 181 0.375691 21 165 0.127273 0.110345 
HI 50730 50730 behave VB 53 1 4029 9029 HW1001 A 7.96765 49.6782 15.1339 11.5281 9 80 66.1157 14 11.5702 8 6.61157 9 7.43802 1 0.826446 0 0 9 7.43802 10 8.26446 274 135 0.492701 121 13.3212 13 20.9231 7 0.538462 1 249 259 0.96139 180 246 0.731707 80 233 0.343348 22 220 0.1 0.0223881 
HI 47720 47720 used VBD 7 1 3806 8806 HW1001 A 7.84474 54.7955 12.0584 9.54162 9 89 60.5442 24 16.3265 8 5.44218 9 6.12245 2 1.36054 4 2.72109 11 7.48299 17 11.5646 239 158 0.661088 147 7.60234 15 15.9333 7 0.466667 1 203 224 0.90625 143 210 0.680952 65 196 0.331633 16 182 0.0879121 0.0740741 
HI 4975 4975 , , 3 1 421 4421 HW-0801 C 7.68147 48.9283 12.8022 9.64781 9 67 61.4679 21 19.2661 4 3.66972 5 4.58716 0 0 3 2.75229 5 4.58716 8 7.33945 195 116 0.594872 109 6.59764 15 12.9333 6 0.4 5 162 179 0.905028 117 165 0.709091 56 151 0.370861 14 137 0.10219 0.0431034 
HI 43291 43291 conversely NN 20 1 3487 8487 HW1001 A 6.97288 62.1647 11.0029 8.39783 7 90 73.1707 14 11.3821 2 1.62602 8 6.50407 0 0 0 0 9 7.31707 9 7.31707 230 138 0.6 123 6.27871 15 15.3333 11 0.733333 0 204 215 0.948837 144 200 0.72 73 185 0.394595 26 170 0.152941 0.0434783 
HI 31328 31328 in IN 8 1 2530 7530 HW0961 B 7.16825 51.6146 10.3845 9.62093 9 42 67.7419 6 9.67742 5 8.06452 3 4.83871 1 1.6129 2 3.22581 3 4.83871 6 9.67742 87 65 0.747126 62 3.85861 6 14.3333 3 0.5 1 76 80 0.95 62 74 0.837838 40 68 0.588235 16 62 0.258065 0.0625 
HI 31836 31836 In IN 0 1 2573 7573 HW0961 C 7.73727 51.7515 14.0727 10.5579 9 76 60.3175 23 18.254 10 7.93651 3 2.38095 3 2.38095 1 0.793651 11 8.73016 15 11.9048 203 137 0.674877 126 6.28523 11 18.3636 5 0.454545 3 181 191 0.947644 138 180 0.766667 77 169 0.455621 23 158 0.14557 0.0656934 
HI 25582 25582 who WP 16 1 2036 7036 HW0901 B 8.14871 45.8797 13.6733 10.9384 11 71 70.297 11 10.8911 3 2.9703 8 7.92079 2 1.9802 2 1.9802 6 5.94059 10 9.90099 197 111 0.563452 101 5.28212 11 17.9091 4 0.363636 0 165 186 0.887097 123 175 0.702857 63 164 0.384146 23 153 0.150327 0.0267857 
HI 3638 3638 of IN 17 1 304 4304 HW-0801 B 7.72003 45.6457 13.4965 11.0777 9 79 57.6642 16 11.6788 11 8.0292 9 6.56934 5 3.64964 4 2.91971 15 10.9489 24 17.5182 222 150 0.675676 137 6.21413 13 17 5 0.384615 3 188 208 0.903846 143 195 0.733333 77 182 0.423077 29 169 0.171598 0.0933333 
HI 17220 17220 without IN 4 1 1369 6369 HW0901 B 7.45773 49.4833 14.8205 11.74 9 67 67.6768 10 10.101 8 8.08081 2 2.0202 2 2.0202 1 1.0101 7 7.07071 10 10.101 197 106 0.538071 99 13.8323 9 21.6667 5 0.555556 5 171 186 0.919355 137 177 0.774011 85 168 0.505952 31 159 0.194969 0.0283019 
HI 25460 25460 It PRP 0 1 2025 7025 HW0901 A 7.51848 54.2811 12.2303 9.33182 9 77 63.1148 12 9.83607 13 10.6557 5 4.09836 1 0.819672 1 0.819672 14 11.4754 16 13.1148 223 131 0.587444 122 5.80708 12 18.6667 7 0.583333 4 196 209 0.937799 161 197 0.817259 90 185 0.486486 34 173 0.196532 0.0307692 
HI 49898 49898 is VBZ 1 1 3971 8971 HW1001 A 8.78378 48.4354 13.6704 10.8925 11 59 56.7308 14 13.4615 9 8.65385 13 12.5 0 0 2 1.92308 5 4.80769 7 6.73077 212 111 0.523585 104 8.78762 12 17.6667 8 0.666667 3 189 200 0.945 150 188 0.797872 78 176 0.443182 27 164 0.164634 0.117117 
HI 33033 33033 to TO 18 1 2668 7668 HW0961 B 7.35324 57.8587 13.7575 10.5925 9 70 64.8148 14 12.963 5 4.62963 6 5.55556 4 3.7037 0 0 10 9.25926 14 12.963 177 114 0.644068 108 10.3735 8 22.125 4 0.5 5 158 169 0.934911 123 161 0.763975 74 153 0.48366 31 145 0.213793 0.0608696 
HI 45272 45272 frustrated VBN 13 1 3628 8628 HW1001 A 7.0827 60.1022 12.2728 9.61415 9 86 61.8705 20 14.3885 6 4.31655 12 8.63309 0 0 1 0.719424 12 8.63309 13 9.35252 268 150 0.559702 139 5.59929 14 19.0714 13 0.928571 3 237 253 0.936759 196 239 0.820084 115 225 0.511111 42 211 0.199052 0.0466667 
HI 16495 16495 . . 20 1 1307 6307 HW0901 C 8.4151 50.1846 11.5922 9.0751 11 47 62.6667 10 13.3333 6 8 1 1.33333 0 0 1 1.33333 10 13.3333 11 14.6667 102 79 0.77451 75 3.97213 9 11.3333 4 0.444444 3 83 93 0.892473 54 84 0.642857 16 75 0.213333 3 66 0.0454545 0.0759494 
HI 45859 45859 people NNS 3 1 3669 8669 HW1001 B 7.67859 60.1789 13.0876 9.49254 9 49 74.2424 6 9.09091 2 3.0303 6 9.09091 0 0 0 0 3 4.54545 3 4.54545 149 69 0.463087 66 8.1538 8 18.625 5 0.625 1 136 141 0.964539 106 133 0.796992 67 125 0.536 27 117 0.230769 0.0869565 
HI 13090 13090 Asia NNP 34 1 1024 6024 HW0901 B 7.50289 54.7745 13.768 10.8364 9 70 60.8696 16 13.913 4 3.47826 9 7.82609 0 0 1 0.869565 13 11.3043 14 12.1739 232 129 0.556035 115 9.89031 11 21 4 0.363636 6 199 220 0.904545 157 209 0.751196 86 198 0.434343 29 187 0.15508 0.0615385 
HI 29918 29918 things NNS 14 1 2402 7402 HW0961 C 6.33228 62.3245 11.842 8.78958 7 65 78.3133 8 9.63855 4 4.81928 1 1.20482 2 2.40964 0 0 3 3.61446 5 6.0241 121 86 0.710744 83 6.08276 8 15 2 0.25 1 109 112 0.973214 85 104 0.817308 54 96 0.5625 26 88 0.295455 0.0465116 
HI 25871 25871 have VB 8 1 2057 7057 HW0901 A 8.54783 51.2203 14.2359 11.2192 11 83 65.3543 15 11.811 7 5.51181 6 4.72441 1 0.787402 2 1.5748 13 10.2362 16 12.5984 229 138 0.60262 127 9.57528 11 20.6364 6 0.545455 2 198 216 0.916667 164 205 0.8 96 194 0.494845 33 183 0.180328 0.0514706 
HI 30546 30546 understanding NN 3 1 2455 7455 HW0961 A 6.69954 53.7016 12.1669 10.2959 7 68 66.6667 10 9.80392 10 9.80392 4 3.92157 1 0.980392 2 1.96078 8 7.84314 11 10.7843 165 113 0.684848 102 3.01846 9 18.3333 5 0.555556 3 147 156 0.942308 116 147 0.789116 67 138 0.485507 30 129 0.232558 0.0350877 
HI 8374 8374 to TO 37 1 685 4685 HW-0861 B 7.61468 45.7221 18.7731 15.2044 9 70 63.6364 15 13.6364 9 8.18182 3 2.72727 3 2.72727 1 0.909091 6 5.45455 10 9.09091 202 118 0.584158 110 17.9884 6 33.5 3 0.5 4 191 195 0.979487 149 189 0.78836 87 183 0.47541 31 177 0.175141 0.0854701 
HI 1892 1892 best JJS 14 1 156 4156 HW-0801 A 8.02345 50.5702 13.779 10.0316 11 66 59.4595 19 17.1171 6 5.40541 7 6.30631 2 1.8018 1 0.900901 9 8.10811 12 10.8108 233 117 0.502146 111 5.43814 15 15.4 14 0.933333 3 204 216 0.944444 172 201 0.855721 121 186 0.650538 68 171 0.397661 0.0689655 
HI 27319 27319 we PRP 2 1 2181 7181 HW0961 B 7.54214 64.5676 10.1848 7.89705 9 56 59.5745 14 14.8936 9 9.57447 5 5.31915 3 3.19149 0 0 7 7.44681 10 10.6383 176 98 0.556818 94 4.69633 12 14.6667 9 0.75 2 152 164 0.926829 128 152 0.842105 78 140 0.557143 26 128 0.203125 0.0714286 
HI 45534 45534 teacher NN 4 1 3647 8647 HW1001 B 8.11434 63.8727 11.4655 9.45694 11 64 68.8172 10 10.7527 5 5.37634 3 3.22581 0 0 3 3.22581 9 9.67742 12 12.9032 187 102 0.545455 93 4.59737 9 20.5556 6 0.666667 0 166 176 0.943182 137 167 0.820359 75 158 0.474684 35 149 0.234899 0.0594059 
HI 39331 39331 that IN 16 1 3176 8176 HW0961 B 6.755 66.1604 10.0639 7.56448 7 93 70.4545 11 8.33333 7 5.30303 6 4.54545 0 0 2 1.51515 12 9.09091 14 10.6061 259 146 0.563707 132 6.71763 18 14.3889 10 0.555556 7 217 241 0.900415 149 223 0.668161 68 205 0.331707 15 187 0.0802139 0.0337838 
HI 4541 4541 Because IN 0 1 383 4383 HW-0801 C 7.31738 50.9644 12.7328 10.2572 9 75 58.1395 25 19.3798 4 3.10078 8 6.20155 1 0.775194 0 0 8 6.20155 9 6.97674 282 138 0.489362 129 6.26022 17 16.5294 9 0.529412 10 241 264 0.912879 185 247 0.748988 103 230 0.447826 39 213 0.183099 0.0510949 
HI 15692 15692 in IN 6 1 1243 6243 HW0901 B 7.51337 57.9345 13.0534 9.71243 9 56 58.9474 22 23.1579 4 4.21053 5 5.26316 1 1.05263 1 1.05263 7 7.36842 9 9.47368 146 99 0.678082 95 4.68375 8 18.25 5 0.625 2 126 138 0.913043 100 130 0.769231 63 122 0.516393 27 114 0.236842 0.0707071 
HI 24609 24609 serious JJ 7 1 1956 6956 HW0901 A 7.58483 55.3492 14.4813 10.8014 9 81 71.6814 13 11.5044 4 3.53982 5 4.42478 1 0.884956 0 0 9 7.9646 10 8.84956 235 123 0.523404 113 11.6605 11 21.1818 6 0.545455 1 214 222 0.963964 166 211 0.78673 83 200 0.415 19 189 0.100529 0.0322581 
HI 6114 6114 First RB 0 1 513 4513 HW-0861 A 9.1935 30.6493 17.6386 13.2542 13 62 43.9716 27 19.1489 9 6.38298 16 11.3475 3 2.12766 7 4.96454 14 9.92908 24 17.0213 277 151 0.545126 141 6.72216 16 17.25 10 0.625 6 243 260 0.934615 173 244 0.709016 70 228 0.307018 14 212 0.0660377 0.14 
HI 13465 13465 work NN 9 1 1057 6057 HW0901 B 7.93456 52.0372 12.1994 8.70076 9 61 60.396 14 13.8614 5 4.9505 8 7.92079 2 1.9802 2 1.9802 7 6.93069 11 10.8911 167 109 0.652695 101 7.23387 15 10.9333 7 0.466667 3 134 149 0.899329 91 135 0.674074 34 121 0.280992 13 107 0.121495 0.0648148 
HI 47489 47489 be VB 21 1 3789 8789 HW1001 A 8.53653 46.5413 14.2252 11.8812 11 70 55.5556 17 13.4921 12 9.52381 9 7.14286 1 0.793651 1 0.793651 12 9.52381 14 11.1111 249 136 0.546185 126 4.24918 12 20.6667 7 0.583333 4 220 236 0.932203 178 224 0.794643 80 212 0.377358 18 200 0.09 0.0735294 
HI 12421 12421 in IN 15 1 975 4975 HW-0861 A 7.54037 58.1431 12.15 9.12438 9 98 70 15 10.7143 10 7.14286 7 5 2 1.42857 1 0.714286 5 3.57143 8 5.71429 320 152 0.475 140 6.38379 21 15.2381 14 0.666667 2 291 299 0.973244 230 278 0.827338 141 257 0.548638 70 236 0.29661 0.0592105 
HI 21717 21717 . . 7 1 1731 6731 HW0901 A 8.66084 47.8226 13.1538 10.411 11 70 57.377 15 12.2951 15 12.2951 7 5.7377 2 1.63934 2 1.63934 8 6.55738 12 9.83607 202 134 0.663366 122 4.37719 13 15.3846 7 0.538462 4 174 187 0.930481 134 174 0.770115 64 161 0.397516 26 148 0.175676 0.0977444 
HI 30476 30476 . . 13 1 2449 7449 HW0961 A 6.79145 63.035 11.455 8.82124 7 94 62.2517 20 13.245 8 5.29801 12 7.94702 1 0.662252 2 1.3245 14 9.27152 17 11.2583 337 168 0.498516 151 6.2678 19 17.6316 13 0.684211 3 303 316 0.958861 248 297 0.835017 165 278 0.593525 81 259 0.312741 0.0892857 
HI 45416 45416 not RB 4 1 3638 8638 HW1001 A 7.0604 63.5388 11.033 8.41 9 81 69.8276 12 10.3448 4 3.44828 5 4.31034 1 0.862069 1 0.862069 4 3.44828 6 5.17241 210 124 0.590476 116 6.71217 13 16.1538 6 0.461538 10 184 197 0.93401 122 184 0.663043 59 171 0.345029 23 158 0.14557 0.047619 
HI 42657 42657 At IN 0 1 3440 8440 HW1001 A 7.74104 64.6564 10.4909 8.21591 9 71 74.7368 7 7.36842 5 5.26316 5 5.26316 0 0 0 0 7 7.36842 7 7.36842 179 106 0.592179 95 7.19848 11 16 6 0.545455 0 158 165 0.957576 120 154 0.779221 61 143 0.426573 22 132 0.166667 0.0471698 
HI 23626 23626 lost VBD 22 1 1879 6879 HW0901 A 7.86387 59.4102 10.6417 8.24058 9 63 67.0213 8 8.51064 9 9.57447 4 4.25532 2 2.12766 1 1.06383 5 5.31915 8 8.51064 176 103 0.585227 94 5.18646 13 13.1538 11 0.846154 2 146 158 0.924051 117 145 0.806897 60 132 0.454545 19 119 0.159664 0.0490196 
HI 53119 53119 questions NNS 34 1 4198 9198 HW1001 A 7.5588 65.4768 10.8033 8.52526 9 84 75 14 12.5 6 5.35714 3 2.67857 0 0 0 0 5 4.46429 5 4.46429 305 128 0.419672 112 8.16567 17 17.7059 8 0.470588 0 273 284 0.961268 226 267 0.846442 142 250 0.568 53 233 0.227468 0.00793651 
HI 50529 50529 comfortable JJ 8 1 4015 9015 HW1001 A 7.30274 59.6784 10.5791 7.60599 9 65 67.0103 14 14.433 6 6.18557 4 4.12371 0 0 1 1.03093 9 9.27835 10 10.3093 172 103 0.598837 97 3.88104 16 10.75 11 0.6875 0 150 156 0.961538 115 140 0.821429 56 124 0.451613 14 108 0.12963 0.0776699 
HI 17060 17060 hope NN 17 1 1354 6354 HW0901 A 7.38486 67.8694 9.65701 7.21174 9 98 65.7718 19 12.7517 9 6.04027 6 4.02685 0 0 2 1.34228 14 9.39597 16 10.7383 290 159 0.548276 149 6.34409 20 14.45 16 0.8 1 250 270 0.925926 212 251 0.844622 137 232 0.590517 50 213 0.234742 0.056962 
HI 9822 9822 . . 5 1 791 4791 HW-0861 B 6.17934 72.9187 8.93688 6.34435 7 86 76.1062 6 5.30973 6 5.30973 5 4.42478 1 0.884956 0 0 7 6.19469 8 7.07965 252 118 0.468254 113 5.84803 19 13.1053 7 0.368421 4 221 230 0.96087 176 211 0.834123 113 192 0.588542 46 173 0.265896 0.0504202 
HI 42470 42470 express VB 11 1 3425 8425 HW1001 B 8.11863 57.8209 10.8606 8.17561 11 87 66.9231 17 13.0769 8 6.15385 10 7.69231 0 0 0 0 6 4.61538 6 4.61538 267 142 0.531835 130 4.88039 22 12 14 0.636364 2 230 242 0.950413 174 220 0.790909 92 198 0.464646 35 176 0.198864 0.0496454 
HI 2818 2818 society NN 16 1 237 4237 HW-0801 B 7.24148 50.5629 14.5905 11.4238 9 79 64.7541 16 13.1148 5 4.09836 7 5.7377 1 0.819672 1 0.819672 13 10.6557 15 12.2951 256 141 0.550781 122 9.12871 12 21 4 0.333333 3 215 240 0.895833 168 228 0.736842 94 216 0.435185 40 204 0.196078 0.0413793 
HI 40274 40274 there EX 2 1 3254 8254 HW0961 C 8.6195 38.0497 20.574 15.8397 11 63 67.7419 8 8.60215 2 2.15054 4 4.30108 0 0 1 1.07527 12 12.9032 13 13.9785 130 98 0.753846 93 7.69334 4 32.25 1 0.25 4 117 125 0.936 77 121 0.636364 37 117 0.316239 16 113 0.141593 0.0412371 
HI 18106 18106 with IN 16 1 1438 6438 HW0901 A 7.65972 54.6852 10.9959 9.34274 9 95 68.3453 18 12.9496 8 5.7554 6 4.31655 0 0 3 2.15827 9 6.47482 12 8.63309 241 148 0.614108 139 7.05951 14 17.1429 10 0.714286 1 200 226 0.884956 167 212 0.787736 91 198 0.459596 27 184 0.146739 0.0408163 
HI 49056 49056 not RB 5 1 3906 8906 HW1001 B 9.13341 48.0971 13.2702 10.067 13 56 54.902 14 13.7255 7 6.86275 9 8.82353 3 2.94118 2 1.96078 8 7.84314 13 12.7451 186 110 0.591398 102 4.09213 13 14.1538 9 0.692308 4 167 171 0.976608 114 158 0.721519 54 145 0.372414 14 132 0.106061 0.109091 
HI 28058 28058 understand VB 8 1 2242 7242 HW0961 B 7.21916 57.6776 12.8489 9.66358 9 75 70.0935 11 10.2804 6 5.60748 6 5.60748 1 0.934579 2 1.86916 2 1.86916 5 4.6729 197 112 0.568528 107 5.43481 11 17.9091 6 0.545455 4 178 186 0.956989 150 175 0.857143 96 164 0.585366 43 153 0.281046 0.0803571 
HI 31182 31182 broaden VB 1 1 2514 7514 HW0961 C 8.16942 48.28 12.2281 10.4587 11 48 68.5714 8 11.4286 7 10 3 4.28571 1 1.42857 0 0 4 5.71429 5 7.14286 99 74 0.747475 70 5.25198 6 16.5 2 0.333333 1 89 93 0.956989 73 87 0.83908 32 81 0.395062 10 75 0.133333 0.027027 
HI 13971 13971 these DT 22 1 1098 6098 HW0901 B 8.37172 46.0195 13.6961 10.8727 11 70 59.322 22 18.6441 10 8.47458 4 3.38983 1 0.847458 3 2.54237 5 4.23729 9 7.62712 211 129 0.611374 118 5.1613 13 16.2308 7 0.538462 6 187 198 0.944444 130 185 0.702703 47 172 0.273256 13 159 0.081761 0.107692 
HI 17041 17041 After IN 0 1 1352 6352 HW0901 A 7.34664 56.9656 12.8054 9.90969 9 74 64.9123 17 14.9123 6 5.26316 5 4.38596 3 2.63158 0 0 15 13.1579 18 15.7895 222 127 0.572072 114 10.6184 12 18.5 7 0.583333 1 202 210 0.961905 174 198 0.878788 107 186 0.575269 46 174 0.264368 0.0703125 
HI 32742 32742 more JJR 2 1 2644 7644 HW0961 B 7.46143 48.205 14.6586 12.0011 9 72 69.9029 12 11.6505 4 3.8835 6 5.82524 1 0.970874 1 0.970874 4 3.8835 6 5.82524 199 114 0.572864 103 7.36818 10 19.9 6 0.6 4 182 189 0.962963 145 179 0.810056 84 169 0.497041 26 159 0.163522 0.0431034 
HI 11605 11605 through IN 1 1 918 4918 HW-0861 A 7.52884 55.283 13.5404 10.5946 9 100 58.1395 27 15.6977 12 6.97674 10 5.81395 4 2.32558 1 0.581395 17 9.88372 22 12.7907 326 187 0.57362 172 9.39228 16 20.3125 11 0.6875 3 295 309 0.954693 236 293 0.805461 125 277 0.451264 41 261 0.157088 0.0427807 
HI 1390 1390 , , 3 1 113 4113 HW-0801 B 8.43032 43.0792 15.4888 12.9334 11 61 70.1149 13 14.9425 4 4.5977 3 3.44828 0 0 0 0 5 5.74713 5 5.74713 183 99 0.540984 87 9.87702 9 20.3333 5 0.555556 2 170 175 0.971429 146 167 0.874251 89 159 0.559748 37 151 0.245033 0.040404 
HI 31026 31026 knowing VBG 21 1 2498 7498 HW0961 A 7.53819 61.0371 11.4476 9.96286 9 70 77.7778 11 12.2222 4 4.44444 2 2.22222 1 1.11111 1 1.11111 2 2.22222 4 4.44444 211 95 0.450237 90 7.68115 10 21 10 1 0 197 200 0.985 165 190 0.868421 100 180 0.555556 25 170 0.147059 0.0315789 
HI 4353 4353 the DT 7 1 366 4366 HW-0801 A 8.25508 59.2447 11.5148 9.23689 11 87 61.2676 22 15.493 10 7.04225 9 6.33803 0 0 2 1.40845 13 9.15493 15 10.5634 245 156 0.636735 142 5.59929 14 17.0714 8 0.571429 2 209 225 0.928889 170 211 0.805687 93 197 0.472081 32 183 0.174863 0.0709677 
HI 8013 8013 your PRP$ 12 1 658 4658 HW-0861 A 6.66722 68.9489 11.3817 8.05194 7 122 73.9394 18 10.9091 9 5.45455 3 1.81818 1 0.606061 0 0 11 6.66667 12 7.27273 363 176 0.484848 165 11.5926 20 17.75 13 0.65 3 323 334 0.967066 267 314 0.850318 169 294 0.57483 73 274 0.266423 0.0457143 
