3.529728
3.427258
3.498797
3.281646
3.540776
4.165756
3.962634
3.806041
3.844344
3.289389
3.781585
3.791153
3.504602
3.784377
3.591330
3.254280
3.652914
3.586444
3.559686
3.712356
3.754448
3.868166
3.530353
3.178623
3.670417
3.521521
3.849061
3.770760
3.470198
3.960806
3.714558
4.069235
2.694329
3.539018
3.899306
3.634301
3.706668
3.708690
3.312626
3.800030
3.680974
3.230925
3.375257
3.464112
3.531137
3.191246
3.616850
3.910443
3.940709
3.836974
3.857011
3.543880
3.332427
2.921130
3.824638
3.841780
3.540446
3.648968
3.673579
3.938727
3.272229
3.194402
3.247750
3.788182
3.723860
3.883324
3.669686
3.787412
3.234698
3.222984
3.588656
3.625674
3.829559
3.802089
3.579677
3.522486
3.440064
3.446955
3.758637
3.876883
3.736314
3.297705
3.494871
3.087207
3.891471
3.528166
3.250550
3.544421
3.275002
3.305409
3.789840
3.792349
3.383379
3.483026
3.406231
3.746900
3.763566
3.116636
3.566780
3.838808
3.573693
3.593021
3.465978
3.973248
3.142882
3.395911
3.760286
3.680718
3.515264
3.590782
3.751539
3.473090
3.611032
3.127097
3.810427
3.828647
3.852439
3.684022
3.243226
3.121867
3.368048
3.656765
4.190780
3.506708
3.782235
3.410832
3.555111
3.734820
3.771163
3.603840
2.915384
3.273168
3.620371
3.575241
3.749374
3.470567
3.769406
3.488838
3.257464
3.730121
3.417484
3.791560
3.646550
3.169230
3.459599
4.065765
3.933749
3.764805
3.861556
3.845882
