3.236034
3.761972
4.389629
3.535816
4.064951
3.377776
3.499743
2.664890
3.727530
3.295474
3.661681
2.745935
3.517868
2.698195
3.706071
3.124778
2.967619
2.628665
3.584832
3.904091
2.899849
3.032992
3.184817
3.696444
3.465930
2.933420
3.148544
3.858159
2.518410
3.709564
4.107324
3.598453
3.638043
2.888653
3.764574
3.129781
3.286895
3.800153
2.300832
3.662636
3.340279
2.924856
3.690984
4.043013
3.732304
3.993381
3.527400
3.213892
3.641913
2.978906
3.477705
3.886755
3.843252
3.208276
2.997254
4.067076
3.110407
3.179251
2.441981
3.514092
3.470975
2.958882
3.334856
2.924465
3.040826
3.018038
2.906357
3.706194
3.134683
3.525377
3.767822
3.303014
3.543038
3.029905
3.778898
2.496361
4.003898
3.691656
3.768998
3.142955
3.567453
3.390253
3.074261
3.532142
4.050347
3.955098
3.668763
2.728641
2.163952
3.775833
3.029688
4.029637
3.366400
3.964180
3.708523
2.705233
3.488052
2.429237
3.367580
3.309359
3.750113
3.936284
3.522830
2.137709
3.083587
3.091599
3.937944
3.751630
3.967161
4.218691
3.366560
3.098875
3.730854
4.205320
3.729163
4.102586
3.237557
4.146042
3.946151
3.036931
3.965568
3.735597
3.688244
4.187444
3.969453
3.221588
3.452377
2.417255
3.734128
4.439330
3.834709
3.749250
3.957517
3.731797
3.041926
3.634864
3.663876
3.606473
3.301842
3.967739
2.476709
3.751774
3.199906
3.949618
3.112406
3.932795
4.153668
3.651866
3.137085
3.588592
