1.421617
1.685292
1.485240
1.439107
1.816358
1.603056
1.727932
1.703876
1.989088
1.539185
1.603938
2.217368
1.502516
1.950577
1.656744
2.327503
1.318884
1.583673
1.432641
2.166153
1.425540
1.629832
1.527854
1.575914
2.385279
1.742508
1.533690
1.531426
1.738950
1.663761
1.503447
1.407926
1.646217
1.624413
1.741434
1.525250
1.623530
1.768220
1.509041
1.454356
1.784758
1.750048
1.642650
1.728972
1.398363
1.337425
1.570450
1.361486
1.735566
1.581204
1.926674
1.667017
1.774016
1.689689
1.841057
1.536379
1.376016
2.565806
1.666745
1.475167
2.531838
2.636710
1.654272
1.746992
1.411275
1.592189
1.648636
1.572770
1.962130
1.645776
2.361003
2.351785
2.274601
2.294173
1.568925
1.279594
1.485555
1.334359
1.730725
1.949246
1.590506
1.626443
1.681186
1.526303
1.626439
1.618082
1.756254
1.365886
1.503856
2.366060
1.622226
1.450176
1.906554
1.801606
1.819567
2.384944
1.678378
1.532922
1.323337
1.585913
1.623365
1.684300
1.748974
1.562585
1.550315
2.192742
1.520830
1.569213
1.760745
1.761995
1.984882
1.307968
1.584364
1.570042
2.269822
1.860678
1.332521
2.598719
1.459860
1.513844
1.431100
1.702936
1.361957
1.552619
1.686003
2.499946
2.181247
1.738172
1.419154
1.555667
1.374761
2.042458
1.238847
1.354465
1.606660
2.112662
1.548098
1.706786
1.629699
1.518825
1.401051
1.548447
1.336022
1.736230
1.847384
1.674209
2.221637
1.415069
1.666165
1.986013
